RobotClass
0 -1
1 -1
2 -1
3 -1
4 -1
5 -1
5 0
5 1
5 2
5 3
4 3
4 4
5 4
5 3
4 3
4 4
5 4
5 3
4 3
4 4
5 4
5 3
4 3
4 4
5 4
5 3
4 3
4 4
5 4
5 3
4 3
4 4
5 4
5 3
4 3
4 4
5 4
5 3
4 3
4 4
5 4
5 3
4 3
4 4
5 4
5 3
4 3
4 4
5 4
5 3
4 3
4 4
5 4
5 3
4 3
4 4
5 4
5 3
4 3
4 4
5 4
5 3
4 3
4 4
5 4
5 3
4 3
4 4
5 4
5 3
4 3
4 4
5 4
5 3
4 3
4 4
5 4
5 3
4 3
4 4
5 4
5 3
4 3
4 4
5 4
5 3
4 3
4 4
5 4
5 3
4 3
4 4
5 4
5 3
4 3
4 4
5 4
5 3
4 3
4 4
5 4
5 3
4 3
4 4
5 4
5 3
4 3
4 4
5 4
5 3
4 3
4 4
5 4
5 3
4 3
4 4
5 4
5 3
4 3
4 4
5 4
5 3
4 3
4 4
5 4
5 3
4 3
4 4
5 4
5 3
4 3
4 4
5 4
5 3
4 3
3 3
2 3
1 3
0 3
-1 3
-2 3
Speeds
3 2
3 2
3 2
3 2
3 2
3 2
3 2
3 2
3 2
3 2
3 2
80 -1
80 -1
80 -1
80 -1
80 -1
80 -1
80 -1
80 -1
80 -1
80 -1
80 -1
80 -1
80 -1
80 -1
80 -1
80 -1
80 -1
80 -1
80 -1
80 -1
80 -1
80 -1
80 -1
80 -1
80 -1
80 -1
80 -1
80 -1
80 -1
80 -1
80 -1
80 -1
80 -1
80 -1
80 -1
80 -1
80 -1
80 -1
80 -1
80 -1
80 -1
80 -1
80 -1
80 -1
80 -1
80 -1
80 -1
80 -1
80 -1
80 -1
80 -1
80 -1
80 -1
80 -1
80 -1
80 -1
80 -1
80 -1
80 -1
80 -1
80 -1
80 -1
80 -1
80 -1
80 -1
80 -1
80 -1
80 -1
80 -1
80 -1
80 -1
80 -1
80 -1
80 -1
80 -1
80 -1
80 -1
80 -1
80 -1
80 -1
80 -1
80 -1
80 -1
80 -1
80 -1
80 -1
80 -1
80 -1
80 -1
80 -1
80 -1
80 -1
80 -1
80 -1
80 -1
80 -1
80 -1
80 -1
80 -1
80 -1
80 -1
80 -1
80 -1
80 -1
80 -1
80 -1
80 -1
80 -1
80 -1
80 -1
80 -1
80 -1
80 -1
80 -1
80 -1
80 -1
80 -1
80 -1
80 -1
80 -1
80 -1
80 -1
80 -1
80 -1
3 2
3 2
3 2
3 2
3 2
3 2
SpecialMoves
1 4 3 1 3
2 4 3 1 3
3 4 3 1 3
4 4 3 1 3
5 4 3 1 3
6 4 3 1 3
7 4 3 1 3
8 4 3 1 3
9 4 3 1 3
10 4 3 1 3
11 4 3 1 3
12 4 3 1 3
13 4 3 1 3
14 4 3 1 3
15 4 3 1 3
16 4 3 1 3
17 4 3 1 3
18 4 3 1 3
19 4 3 1 3
20 4 3 1 3
21 4 3 1 3
22 4 3 1 3
23 4 3 1 3
24 4 3 1 3
25 4 3 1 3
26 4 3 1 3
27 4 3 1 3
28 4 3 1 3
29 4 3 1 3
30 4 3 1 3
31 4 3 1 3
32 4 3 1 3
33 4 3 1 3
34 4 3 1 3
35 4 3 1 3
36 4 3 1 3
37 4 3 1 3
38 4 3 1 3
39 4 3 1 3
40 4 3 1 3
41 4 3 1 3
42 4 3 1 3
43 4 3 1 3
44 4 3 1 3
45 4 3 1 3
46 4 3 1 3
47 4 3 1 3
48 4 3 1 3
49 4 3 1 3
50 4 3 1 3
51 4 3 1 3
52 4 3 1 3
53 4 3 1 3
54 4 3 1 3
55 4 3 1 3
56 4 3 1 3
57 4 3 1 3
58 4 3 1 3
59 4 3 1 3
60 4 3 1 3
61 4 3 1 3
62 4 3 1 3
63 4 3 1 3
64 4 3 1 3
65 4 3 1 3
66 4 3 1 3
67 4 3 1 3
68 4 3 1 3
69 4 3 1 3
70 4 3 1 3
71 4 3 1 3
72 4 3 1 3
73 4 3 1 3
74 4 3 1 3
75 4 3 1 3
76 4 3 1 3
77 4 3 1 3
78 4 3 1 3
79 4 3 1 3
80 4 3 1 3
81 4 3 1 3
82 4 3 1 3
83 4 3 1 3
84 4 3 1 3
85 4 3 1 3
86 4 3 1 3
87 4 3 1 3
88 4 3 1 3
89 4 3 1 3
90 4 3 1 3
91 4 3 1 3
92 4 3 1 3
93 4 3 1 3
94 4 3 1 3
95 4 3 1 3
96 4 3 1 3
97 4 3 1 3
98 4 3 1 3
99 4 3 1 3
100 4 3 1 3
101 4 3 1 3
102 4 3 1 3
103 4 3 1 3
104 4 3 1 3
105 4 3 1 3
106 4 3 1 3
107 4 3 1 3
108 4 3 1 3
109 4 3 1 3
110 4 3 1 3
111 4 3 1 3
112 4 3 1 3
113 4 3 1 3
114 4 3 1 3
115 4 3 1 3
116 4 3 1 3
117 4 3 1 3
118 4 3 1 3
119 4 3 1 3
120 4 3 1 3
121 4 3 1 3
122 4 3 1 3
123 4 3 1 3
124 4 3 1 3